139.4416179
207.9341733
374.8258958
186.2657561
195.3284282
387.6917603
222.0660577
164.0122893
137.2341705
138.2237382
156.7006077
155.1379331
172.9037056
143.7914629
263.5805572
161.8456372
262.6133463
163.7790483
151.993507
186.7084575
231.6560189
165.1910615
181.5709117
211.7662807
312.6321033
254.3109807
224.905367
181.380061
203.9206858
194.2252472
213.4910497
312.6927195
268.4957605
159.7276292
190.374179
144.1031944
203.1093381
361.2175035
161.8729067
179.4982724
240.4909132
218.8080768
275.4008347
316.3820697
165.2394548
181.8231508
191.3338736
220.0005533
201.3643204
158.2022048
152.4118785
182.67873
162.1603373
341.8006844
178.4978961
241.8318463
305.9733751
179.2564587
204.3104414
188.1040925
289.172671
183.5696087
154.9430141
192.1657449
166.8396262
173.8698627
201.7249147
259.2705132
221.0403079
313.5637195
142.6606652
167.0280856
205.6403293
244.950652
159.1053104
191.4987834
208.6774213
207.9124895
183.2463631
193.3827895
164.1805818
214.5863439
213.4480206
205.0724192
187.8492627
207.8503634
168.2290819
201.440968
276.6664356
265.9558484
167.2169698
226.2385704
257.1633986
303.3393533
151.5884064
202.2941524
204.6904311
176.9115118
305.7867615
211.4742642
214.357187
249.8318552
227.9374593
172.7201174
188.8495659
201.6427825
249.3958671
164.0621069
186.0994125
232.73571
263.1042971
171.3449615
155.5230795
145.7005168
181.8778068
327.1497032
220.3326251
310.763296
193.1559805
351.390586
336.6304201
249.3417113
298.276885
167.1881882
321.834995
309.0663915
232.0883906
355.6267557
247.0310445
170.9074285
364.8957506
178.2551481
155.2688055
167.059158
167.3894158
211.2495322
153.4260008
172.6828651
163.7251091
273.4535714
202.5360283
230.6438208
146.641812
377.0127238
182.4903273
252.0188579
135.5374347
178.1905245
211.861101
175.3617474
204.1845299
264.8773851
169.7267897
269.5765375
162.2660085
204.3776852
289.6321292
182.5120143
241.4429358
221.5087515
184.1761532
244.2360608
149.0492909
168.7333756
306.4752384
183.1679556
152.9099069
275.3790056
287.4600881
313.6736428
167.0271271
234.2974896
304.3155532
167.1295708
153.8640628
185.7994963
387.3714843
274.064182
230.0720606
225.7193063
229.5077041
171.531275
176.3303641
178.3680725
278.2359337
179.0303641
273.8900431
284.1040553
171.7668362
249.5317386
153.2810112
162.5174254
162.0078195
155.2324429
207.3272926
154.4547279
137.2500655
278.415558
261.8855341
260.954718
195.8919947
131.216897
146.5177215
327.0912923
185.8919355
170.5537082
223.2376837
198.2141343
142.3074194
211.3038846
253.4709297
140.015534
242.1631793
204.2117112
219.4303051
263.6540233
159.641931
210.6346854
173.7062882
221.2640573
198.8835838
247.59362
172.9590559
187.063056
169.4789691
230.6647442
201.3286721
297.8331175
181.5054412
181.9088817
171.3002049
284.6573759
288.178219
201.003048
208.4978653
187.8195391
284.1050805
305.5458121
209.1180022
257.1344729
147.4969285
189.1399825
186.7222862
182.6552995
196.9533477
261.0616505
310.8986331
208.4067245
184.8581281
188.1798909
204.7842853
175.1092759
149.0381723
169.4781139
199.7967912
168.0591047
162.68199
178.5626887
197.2109607
202.2693292
229.718959
260.2435676
378.4509172
229.6447662
301.3858446
283.330708
264.0882523
191.1741869
180.9088366
179.1942085
195.3016587
347.4721995
368.4284219
164.4182951
277.3057082
210.6347505
164.7062732
135.4373697
244.4295539
229.862455
234.407905
253.5663611
184.3196681
169.3774227
270.9328814
188.8772157
244.4003566
151.6706989
320.6595761
156.8271805
165.5061478
180.0116664
197.2598541
222.5555218
270.1123402
195.4353994
229.5062771
307.6916963
219.8603996
209.9688703
170.2739822
197.3648729
193.818054
320.8030483
279.7848218
211.2872093
169.1471728
317.5384518
146.4045261
228.110955
291.6171275
196.1130795
212.114477
164.6961087
172.4438608
184.3372663
289.349612
208.0840622
355.7473445
187.1147336
172.6281184
173.1743435
164.9826781
203.8631622
136.2612177
298.7896569
185.1610676
191.7834531
287.97414
110.6197271
369.0806753
220.5845643
221.7825694
326.4758868
265.5499062
222.538056
238.2086552
187.6685259
251.1614704
307.8572049
175.3885545
307.3220007
243.9236884
196.875974
209.3922819
196.2499557
178.374017
257.6914569
185.1984902
263.8058792
236.1634007
100.4756974
223.8755109
194.6433147
252.8764134
232.9789014
195.0079912
194.1472366
141.5197419
232.2362597
191.1190283
335.0089094
232.2557632
291.6161789
169.6695061
195.0764497
312.6532572
174.2699513
332.2698308
258.8128321
150.53013
298.51487
352.8618832
232.4910021
394.5946507
196.5688334
295.5684664
225.3538789
190.8402789
293.4089037
220.5929669
307.972409
194.2099881
298.5783821
231.8572283
268.5009869
197.9407026
190.8662831
287.6392228
194.8422002
236.9738129
218.5115794
230.2942418
229.4492109
230.0145406
391.258867
289.7457995
369.5800376
191.2783027
143.0637884
190.0335713
180.9981057
152.3628108
258.0768448
156.0625504
312.3159473
321.4383287
215.6891852
222.6294431
225.6568653
145.8454993
264.0385916
150.6002578
94.04720725
330.3935839
308.0851515
218.0328064
122.9940613
214.3517639
174.9594276
296.6008525
195.0119288
253.5018074
128.2019629
249.2560911
203.716221
193.2630493
280.0574221
209.6955404
184.7881762
218.974785
178.2243658
214.716015
289.4287459
188.5761261
218.5891356
335.8900767
225.1860577
225.3991821
184.5572666
273.6661033
263.0721256
211.0932334
251.3623515
188.4923507
189.8353244
254.3438725
141.1970083
202.4119528
181.3769458
198.659018
117.7216163
235.5755269
194.6164761
262.6201789
260.7123998
262.1617448
217.9347321
268.3807585
187.7616768
369.1535923
313.7881261
364.8186959
169.5039642
232.0073752
286.5787855
368.0303746
218.6064185
272.9708592
200.2795178
237.7201763
316.1263377
213.4598595
323.8526633
317.2248421
161.4350198
286.9281308
284.1345503
350.4166093
173.4909814
169.557579
173.5263186
169.6436867
308.2540267
250.7452336
274.6825274
215.8834536
238.2719506
244.6009152
135.2273932
168.7973755
135.0652575
323.8665219
191.485788
185.0345044
251.3189322
92.95489768
159.0677854
198.8420278
226.9583495
241.5218106
273.0324234
201.4442797
292.3503778
268.1711479
120.8516573
226.2709786
279.3368095
319.3939728
181.0150981
161.8993457
377.4158509
286.9837276
191.4403313
166.6432417
278.794628
197.0504023
257.72952
201.9796947
191.1742197
232.7789184
322.1849927
189.7300408
227.584436
214.2775993
173.9086842
257.8779386
269.6727784
232.6430778
335.0949147
178.8381965
235.9478391
354.4316867
195.3758662
320.4371203
310.3893953
160.9865976
231.0480951
243.1392378
178.1758252
295.3815709
182.4216952
246.9825353
193.3772448
289.8418361
189.1711598
341.8874691
242.5916899
209.0649798
245.5686646
237.6107121
302.8735636
177.1953621
287.288535
345.3671128
297.821014
261.7938339
308.4177693
261.2897469
238.7316618
185.3168919
168.8046025
223.9363607
146.7435806
267.2419303
178.4037444
284.965769
171.8338532
237.6979445
243.1889034
156.7801372
231.3865051
254.4841431
199.5314041
225.4392008
395.3073398
249.3900167
284.6020429
299.5096212
168.4213615
357.1163033
239.0461978
305.9847166
186.0833277
187.6878438
253.1382935
192.147541
268.4926863
116.201027
269.4244681
176.8919077
196.8317712
248.8429359
168.4514148
238.6092329
296.1124653
211.0605291
257.4809807
306.042701
227.3117273
237.8277305
221.6500355
156.0250444
182.2588675
162.4993229
243.0256887
253.7650322
200.1086738
267.2692363
307.3291742
343.2984733
311.85812
519.2519132
205.5599778
259.6909393
295.6692222
269.5659748
261.6724944
188.2211016
219.6138227
232.302731
219.1480885
207.9538693
286.8768564
316.8357978
266.6773535
284.9751136
187.5652905
301.1160229
273.7037476
206.0668069
189.054542
302.912968
230.4755158
190.0635088
205.5519328
276.9758499
361.0451095
342.5912157
342.4038492
320.7467191
171.3434817
199.6830702
318.2116417
248.1873618
221.1008713
257.4244833
291.447511
238.0704192
254.5455671
239.67088
268.4884354
188.0407763
196.6125751
265.4168472
175.6240852
158.4365648
162.3162031
235.7857374
244.6933252
242.6700851
259.7877029
234.6379016
318.9749084
207.8181337
255.8673869
255.1792653
161.7347256
195.699918
221.4613459
214.9977823
308.7615987
254.7875155
229.8810688
183.5819726
152.1801577
163.1989609
252.0390092
134.2845962
179.0461859
299.5443377
282.1738185
200.8402679
175.1538558
338.5391869
333.4107653
267.2022553
341.9809889
215.4090248
269.6223459
172.0332473
224.2060724
185.4311638
341.322083
196.7966205
343.6808925
219.4347694
186.9910917
215.5492126
145.1431778
312.7955467
222.9115487
187.6195739
233.2584335
144.4679607
249.3656362
297.6782921
307.6271989
192.0265583
227.976638
98.2466727
188.2120924
355.8296464
346.0103542
260.1417008
173.9102319
168.6996807
190.1711679
170.7616651
339.4336389
306.3392283
128.402068
307.1823204
202.4700562
265.7616503
263.8246241
133.4455357
304.1636877
218.2448941
337.3265191
264.6283892
290.0095012
258.8404751
179.5990961
164.0957659
252.462506
286.6883754
320.0582459
160.2374224
231.7206501
265.0820316
181.6209894
200.2352092
395.171332
120.6072947
264.9876089
235.3282113
250.3133851
219.4485673
243.3986401
312.5774915
203.3632961
237.4909489
366.8810429
327.5632374
333.320666
226.7760237
253.6948464
101.9498759
166.9265804
309.3483258
203.9426
289.0666
198.9614729
160.3391174
188.1320783
314.2406737
246.5021127
143.7858652
310.2386673
364.3054628
336.5551445
282.6449364
243.3592139
301.9878447
215.4843638
309.3782097
362.9802867
263.4709892
179.3101904
254.789964
274.6482244
354.1136717
95.60876556
348.8968345
239.1632399
271.3149091
189.9881894
160.6536458
190.000938
283.1407098
217.5900105
278.4924123
263.5121324
91.2125922
364.4558078
190.1773376
246.1514527
170.3060138
154.8086841
266.8269416
213.6192493
256.2854155
170.8114516
277.2501345
219.0938005
211.1035618
293.6199137
218.4397512
295.2009229
208.4706812
103.0525914
398.0665939
299.2319498
232.8610929
223.2452107
308.6966027
175.4514584
255.340442
244.1403985
269.228611
298.9185247
198.5757508
238.2103007
135.9570234
153.3907924
227.112521
197.5137661
207.2443201
505.2365471
328.3856261
255.8604716
218.1711236
383.4264755
231.1099099
231.516009
190.6426719
224.4446953
224.0264023
326.34827
257.0897553
233.7343481
188.7077586
241.4351756
229.0842075
177.5159838
249.042321
276.4192374
272.1599769
297.1488683
205.5252907
262.9515434
275.1881425
355.1535442
293.5310182
313.2689858
153.4908447
114.5634968
219.0618624
255.8766944
164.7803454
313.8035757
468.6662493
182.4754808
277.4908379
284.7337797
246.2138415
270.4287721
159.5627751
387.7838532
246.507226
89.6541769
292.5220516
182.394656
220.8133169
314.5330043
164.9970279
177.0381041
207.2231103
190.3683199
244.137205
233.9878185
309.9857587
297.8323584
118.8380625
137.6615144
175.8
260.2417139
271.4870195
240.1849401
180.4267801
278.9534722
317.0801011
285.4662666
204.8522454
173.6241139
125.2880786
156.2986014
282.3271338
155.4620778
293.3733418
246.3686024
131.0562859
350.9496169
283.846769
132.5518258
253.2975
269.37638
179.6517685
129.7335264
297.3612508
345.6186976
265.6066537
218.3596253
200.6598058
246.9187176
294.4249189
301.9983128
335.8209257
148.7104371
119.9758486
265.3084314
303.0904575
249.7483955
288.6334646
212.0609067
189.8170507
300.5193804
255.4654354
177.621438
157.8733509
88.28996037
245.6712492
275.097947
198.9865781
260.392277
103.3679095
321.7338667
352.0488636
199.6301205
310.373776
308.6850336
242.8872312
196.0736345
445.8351462
176.8193197
242.4693878
289.327248
255.0584867
323.539071
245.1584699
213.7954887
180.5361149
305.9855479
278.9312543
183.9683345
407.365728
232.7426997
280.5456552
270.9619212
222.123562
284.5036755
181.3374826
295.5119611
190.615492
277.5149337
295.7648988
276.8946229
161.2250175
260.5701681
257.495098
344.6420757
171.7468443
326.2806044
225.2949331
168.2752991
291.1026817
225.6272406
361.0811881
306.9700994
235.4818763
186.3433855
241.1284698
90.55088968
263.9332382
100.1548502
318.4446824
222.6657857
299.2221587
137.218234
270.3740661
305.4856318
216.0112156
188.1928934
244.9327762
177.1570909
245.7691691
270.2041667
348.5463289
330.2369581